73.5871
1.8278
6.89502
5.02807
0.14646
1.53541
3.92211
1.56766
0.971983
1.92954
3.35449
0.281064
1.76507
5.34812
2.18526
6.59965
6.77796
4.36112
4.83921
2.72002
2.49786
0.598701
1.52107
0.587351
2.53864
11.1491
0.135879
1.23283
3.39383
2.74711
1.01914
1.39289
0.695937
3.04011
1.39259
2.61901
0.511359
0.976126
0.29151
0.780146
3.46968
0.273028
2.10533
0.409475
0.853351
2.0925
7.52023
2.871
4.89969
10.2931
3.8365
3.20502
2.02833
1.32668
0.80141
1.37319
3.35169
7.71699
1.17685
1.78884
0.202911
6.83728
5.84248
2.3059
2.07129
6.59949
1.7404
3.09585
3.26618
10.1238
3.31537
5.52256
2.12239
1.17552
0.321581
2.34542
1.83334
2.51986
0.979065
1.09008
4.18308
5.36046
1.00626
1.82389
1.38943
4.20177
0.0487623
3.30063
0.307257
0.642775
3.0439
1.55088
1.83701
4.58664
1.66852
1.05374
7.09769
3.64454
2.00732
2.39105
2.36318
4.59633
0.591333
2.0776
1.04848
2.49161
1.82888
1.84115
0.436037
1.50842
2.68868
3.35036
2.77573
2.09464
1.37641
0.986579
0.659816
2.44905
2.04885
2.73416
5.38497
5.42033
1.6581
2.94963
4.36517
2.39603
0.181529
2.21121
1.35452
4.12436
0.894366
0.17018
4.19937
0.390007
1.14957
5.47573
5.78201
3.37745
5.66942
2.7323
2.93398
3.74147
1.21865
0.361312
4.31044
0.538456
0.382569
1.93633
2.905
0.287853
4.97868
1.35122
7.11047
0.749446
1.75948
1.43779
1.6888
0.933478
2.89998
1.48167
2.74117
3.35476
2.70389
0.433634
4.4511
1.85448
1.99579
4.78545
7.87565
1.66734
0.536806
1.81468
3.84248
1.16597
4.98152
1.69099
2.58698
1.98759
5.68572
2.34882
0.734573
3.55063
1.56419
0.825602
1.99799
3.51698
0.311941
1.86133
1.28963
6.30553
0.206782
11.1064
3.54382
0.528577
1.42132
1.09864
2.1128
1.56387
5.07091
2.31583
2.75741
1.88321
6.83777
8.78455
0.227879
0.777902
2.78584
2.14581
1.12221
0.558486
8.91935
2.30697
0.843224
3.17756
4.35007
1.49434
5.46808
1.50492
2.1366
5.83971
1.63546
5.51252
4.87256
1.72218
0.958936
4.90082
1.61192
5.02759
3.17505
0.38475
0.0241557
0.417065
0.219787
7.67915
6.30781
0.558814
1.77887
0.293807
1.43783
0.52507
2.82469
8.19343
0.399594
6.15456
3.71297
2.39384
6.12314
1.52928
2.09447
