0.218954
0.163676
0.242797
0.00365299
1.05251
2.37123
0.29919
11.3627
3.11945
1.85035
3.63377
0.165165
2.51142
0.480881
0.249628
0.720767
0.646041
3.15645
1.22018
0.956376
2.09303
0.244662
0.578115
3.33778
2.68516
0.929866
0.744317
2.26907
1.0581
0.572609
0.192488
0.440298
0.503852
0.955367
0.141414
1.1501
1.07757
1.06561
1.22622
3.62339
1.9726
1.29377
3.02463
4.01796
3.47967
1.26762
1.25423
2.27666
0.000910762
4.76155
1.08311
1.84267
0.872775
1.45413
0.471699
1.21833
2.15812
2.89902
0.251965
0.355705
0.497592
2.14527
3.62377
1.05311
1.09347
0.606518
0.220679
2.71999
0.745202
0.703752
1.08757
2.05441
0.618027
0.665187
1.38125
0.286571
2.24825
0.120813
1.96499
0.650165
0.434177
3.72965
1.37082
0.399256
3.559
3.20048
0.150398
2.92443
0.267924
0.154239
0.390344
2.21739
2.02992
0.634255
1.04153
1.36929
2.75232
1.19683
6.28344
0.0155969
0.515087
2.23422
1.80183
0.640155
1.94818
0.513836
0.67974
4.48541
0.942087
3.94709
0.364279
0.433425
4.77265
2.97841
1.01572
2.18072
0.807341
3.77683
0.125839
0.888082
0.866307
0.45399
2.06805
0.121326
2.15157
0.866923
2.21492
2.15035
0.895951
0.0208163
1.22087
0.504877
1.14161
5.43132
3.67273
1.5142
1.46605
2.16147
1.61737
1.20995
0.300996
0.71281
2.01352
1.60051
5.15554
0.509201
1.15503
0.252583
1.97764
0.0471304
3.64253
0.782544
0.755731
3.802
3.51873
3.09175
2.79335
0.579333
1.61525
4.66916
1.82245
1.00783
0.685972
2.02005
5.17047
2.06589
0.590334
1.80022
0.491422
0.248433
1.81921
0.290021
3.1453
1.48754
13.7156
0.777403
1.01733
1.15819
0.0303898
1.63155
6.88548
2.383
0.739002
2.07798
3.24403
5.08401
2.95316
0.274115
0.594568
0.59309
0.429955
1.54154
4.27211
1.56635
5.35902
0.7843
1.37335
0.0122525
0.800321
2.52409
1.03104
2.4337
0.421018
0.597483
0.696505
0.29593
1.51883
0.309793
3.63712
2.17127
0.396478
1.01564
1.20973
0.0730415
0.0435876
4.71476
1.01602
0.322619
2.1403
0.0557133
4.29095
3.29955
1.56102
0.49051
0.437341
6.35913
0.862162
2.65734
0.530807
0.618294
1.19512
1.45321
2.01051
0.185159
2.10102
7.91866
0.474441
4.18757
1.58807
2.31946
0.603367
2.64989
1.09405
2.21192
0.891477
1.31184
3.5865
7.28176
0.807158
